482
0.000100 0.775791 0.175766
0.000231 0.783841 0.341338
0.000301 0.775546 0.522834
0.000188 0.700814 0.700453
0.000000 0.555570 0.831470
0.000000 0.382683 0.923880
0.000000 0.195090 0.980785
0.000000 0.000000 1.000000
0.000000 -0.195090 0.980785
-0.000063 -0.615579 0.493445
0.032325 0.775543 0.172442
0.065739 0.782230 0.334056
0.101008 0.768232 0.508992
0.125507 0.667527 0.650714
0.153557 0.541498 0.787523
0.180240 0.382683 0.906127
0.191342 0.195090 0.961940
0.195090 0.000000 0.980785
0.191342 -0.195090 0.961940
0.171559 -0.370497 0.871003
0.139768 -0.488119 0.740926
0.107321 -0.567574 0.604370
0.077157 -0.607257 0.469629
0.054471 -0.610862 0.329075
0.026992 -0.583256 0.184134
0.063573 0.777107 0.162976
0.129209 0.785169 0.314362
0.196995 0.764563 0.476108
0.241245 0.649949 0.595303
0.290556 0.522381 0.715882
0.326913 0.363905 0.810408
0.373895 0.194414 0.903201
0.382684 0.000000 0.923880
0.375873 -0.195316 0.906949
0.334310 -0.362457 0.811752
0.275384 -0.476710 0.691185
0.212573 -0.540274 0.557647
0.156053 -0.579870 0.430047
0.103719 -0.587018 0.302456
0.051712 -0.575025 0.172764
0.092962 0.780998 0.148161
0.188511 0.791599 0.284610
0.277885 0.744408 0.420473
0.345052 0.636498 0.527745
0.407244 0.507205 0.626640
0.459529 0.353873 0.711019
0.544856 0.195079 0.815454
0.556322 -0.000269 0.832593
0.545247 -0.195020 0.816020
0.476461 -0.351649 0.721337
0.393007 -0.461586 0.613911
0.303443 -0.518340 0.495547
0.221634 -0.552757 0.380574
0.145715 -0.567098 0.268237
0.072416 -0.564794 0.155679
0.118589 0.781876 0.128411
0.235705 0.779120 0.242084
0.341921 0.726659 0.351131
0.438502 0.634136 0.452949
0.505739 0.502168 0.527328
0.557210 0.347942 0.588904
0.631263 0.185001 0.657023
0.700128 0.000888 0.703041
0.626486 -0.171124 0.651285
0.566694 -0.325207 0.589523
0.485445 -0.442516 0.513871
0.378202 -0.500705 0.417844
0.276042 -0.534954 0.322690
0.180266 -0.551521 0.228338
0.089005 -0.555314 0.135201
0.138457 0.777291 0.103992
0.268708 0.764603 0.189396
0.387315 0.710323 0.271679
0.502263 0.630254 0.352705
0.582968 0.504661 0.414656
0.624989 0.346388 0.452176
0.672552 0.183120 0.488980
0.691875 0.011382 0.502340
0.659888 -0.152446 0.480173
0.610577 -0.299783 0.442481
0.540358 -0.421140 0.392442
0.437639 -0.488796 0.329492
0.318203 -0.522343 0.256371
0.206566 -0.538611 0.184198
0.101705 -0.548098 0.112962
0.151115 0.770364 0.075363
0.292507 0.754640 0.131872
0.411048 0.693087 0.183949
0.529168 0.615522 0.235695
0.617493 0.495813 0.275137
0.668546 0.343148 0.302939
0.700001 0.180796 0.320420
0.708717 0.016015 0.325930
0.690638 -0.142480 0.317765
0.653857 -0.290226 0.300592
0.598631 -0.417784 0.276660
0.481800 -0.483721 0.236386
0.347151 -0.512798 0.185756
0.224204 -0.528695 0.137084
0.110231 -0.542671 0.089428
0.157460 0.763947 0.044585
0.312917 0.751070 0.071865
0.431663 0.692247 0.094199
0.539926 0.601355 0.116637
0.635285 0.486823 0.133115
0.693598 0.339548 0.144876
0.723502 0.180423 0.154061
0.730673 0.019436 0.158686
0.713525 -0.135280 0.158511
0.669072 -0.275191 0.154521
0.599943 -0.390249 0.147157
0.494360 -0.468339 0.132843
0.358361 -0.500292 0.110590
0.232323 -0.520821 0.087582
0.114242 -0.538366 0.064837
0.158370 0.758551 0.013424
0.321371 0.748004 0.008922
0.456021 0.711182 0.001125
0.552864 0.605217 0.000391
0.637367 0.479438 -0.003303
0.714185 0.339666 -0.010591
0.747017 0.180799 -0.009192
0.754279 0.018694 -0.005005
0.738797 -0.137735 0.001295
0.699677 -0.278999 0.011126
0.613263 -0.385205 0.021330
0.485648 -0.448088 0.028297
0.354654 -0.486373 0.033126
0.231611 -0.514393 0.036795
0.114106 -0.535270 0.039711
0.153748 0.753589 -0.016674
0.313294 0.741729 -0.052516
0.479685 0.724936 -0.093324
0.565849 0.637402 -0.120665
0.633440 0.478033 -0.136147
0.717292 0.340286 -0.160146
0.762784 0.179477 -0.169884
0.789915 0.012896 -0.170633
0.769983 -0.151219 -0.159157
0.728128 -0.300782 -0.137422
0.603396 -0.391422 -0.107284
0.468921 -0.442274 -0.074415
0.343278 -0.482277 -0.043220
0.224561 -0.512321 -0.013603
0.110692 -0.534329 0.014744
0.143205 0.748641 -0.044331
0.290971 0.731583 -0.108112
0.448326 0.707652 -0.177067
0.546990 0.632639 -0.232515
0.618949 0.483743 -0.266937
0.705736 0.344079 -0.307968
0.758114 0.177331 -0.329140
0.767884 0.004624 -0.330885
0.786224 -0.170341 -0.328406
0.696231 -0.312980 -0.290225
0.569567 -0.392826 -0.233947
0.443282 -0.445991 -0.175206
0.324386 -0.486348 -0.117853
0.211944 -0.515270 -0.062667
0.104337 -0.535617 -0.009524
0.127722 0.744549 -0.068978
0.257587 0.719862 -0.156796
0.398552 0.688579 -0.251212
0.509347 0.621226 -0.337385
0.578969 0.491284 -0.392106
0.641486 0.341828 -0.440507
0.695589 0.176315 -0.476383
0.732849 -0.001296 -0.494332
0.745280 -0.183480 -0.500639
0.652556 -0.328148 -0.443115
0.531180 -0.411523 -0.361773
0.409319 -0.459794 -0.274149
0.297752 -0.497642 -0.189943
0.193493 -0.522006 -0.109488
0.094942 -0.538492 -0.032538
0.108193 0.741944 -0.090282
0.215214 0.709386 -0.197056
0.330003 0.670770 -0.311316
0.445773 0.615279 -0.430581
0.511732 0.493407 -0.510118
0.567106 0.347306 -0.576472
0.605602 0.178017 -0.617745
0.641563 -0.002176 -0.645817
0.661224 -0.192476 -0.657801
0.586911 -0.346775 -0.593968
0.473488 -0.429751 -0.483625
0.358990 -0.470543 -0.365208
0.260435 -0.507522 -0.256508
0.168409 -0.530533 -0.152539
0.082244 -0.542386 -0.053533
0.084832 0.740421 -0.107467
0.166596 0.701916 -0.229426
0.252215 0.655256 -0.357244
0.340062 0.595621 -0.490990
0.421276 0.501772 -0.620610
0.480525 0.362113 -0.718890
0.504761 0.186527 -0.764141
0.519122 0.000760 -0.781201
0.514143 -0.191538 -0.770218
0.503563 -0.376899 -0.754995
0.392900 -0.450910 -0.596113
0.292423 -0.484576 -0.446319
0.209134 -0.514127 -0.312479
0.135717 -0.539410 -0.189497
0.065952 -0.546731 -0.071471
-0.000341 -0.551811 0.041972
0.057699 0.737928 -0.119120
0.114398 0.698905 -0.255249
0.170791 0.647565 -0.394528
0.228318 0.580793 -0.539433
0.287266 0.494552 -0.690489
0.342678 0.371494 -0.826189
0.375330 0.195090 -0.906128
0.363800 0.001003 -0.886619
0.356093 -0.191865 -0.866109
0.354702 -0.387095 -0.854395
0.289856 -0.488510 -0.697452
0.208515 -0.502503 -0.511336
0.147261 -0.523580 -0.357013
0.095186 -0.545635 -0.217689
0.046148 -0.550787 -0.085251
0.029113 0.736552 -0.126407
0.058526 0.700127 -0.273034
0.087156 0.650380 -0.424106
0.116520 0.595200 -0.586975
0.144830 0.533202 -0.786588
0.180947 0.385484 -0.908546
0.191342 0.195090 -0.961940
0.195090 0.000000 -0.980786
0.188017 -0.193613 -0.947468
0.181036 -0.385172 -0.907891
0.147441 -0.508447 -0.746854
0.109948 -0.526106 -0.559287
0.076037 -0.531743 -0.386377
0.048892 -0.549208 -0.235598
0.023638 -0.554005 -0.094040
-0.000080 0.736465 -0.129071
-0.000100 0.700713 -0.279226
-0.000121 0.654503 -0.437345
-0.000094 0.605551 -0.619493
-0.000000 0.548614 -0.830776
0.000000 0.399185 -0.933623
-0.000000 0.195133 -0.980869
-0.000000 0.000000 -1.000000
-0.000000 -0.195090 -0.980785
0.000000 -0.389226 -0.927807
-0.000054 -0.533800 -0.791967
-0.000202 -0.537541 -0.581574
-0.000283 -0.536136 -0.397895
-0.000320 -0.550789 -0.242035
-0.000331 -0.555379 -0.097130
-0.029309 0.736764 -0.126513
-0.058800 0.700356 -0.273207
-0.087495 0.650673 -0.424343
-0.116777 0.595213 -0.587128
-0.144983 0.533172 -0.786646
-0.180947 0.385484 -0.908546
-0.191342 0.195090 -0.961940
-0.195090 0.000000 -0.980786
-0.188340 -0.193693 -0.948242
-0.181036 -0.385172 -0.907891
-0.147513 -0.508438 -0.746866
-0.110392 -0.526257 -0.559407
-0.076657 -0.531909 -0.386487
-0.049559 -0.549196 -0.235651
-0.024315 -0.554131 -0.094077
-0.057939 0.738256 -0.119281
-0.114804 0.699181 -0.255498
-0.171347 0.647837 -0.394860
-0.228796 0.581165 -0.539831
-0.287678 0.494859 -0.690962
-0.343195 0.371710 -0.827025
-0.375330 0.195090 -0.906127
-0.363818 0.001004 -0.886692
-0.356282 -0.191889 -0.866488
-0.354702 -0.387095 -0.854395
-0.290135 -0.488658 -0.697563
-0.209165 -0.502931 -0.511599
-0.148014 -0.523937 -0.357230
-0.095938 -0.545836 -0.217824
-0.046866 -0.551016 -0.085326
-0.085091 0.740693 -0.107598
-0.167185 0.702188 -0.229694
-0.253075 0.655405 -0.357580
-0.341050 0.596387 -0.491697
-0.421767 0.502333 -0.621081
-0.482183 0.362564 -0.720426
-0.506419 0.186920 -0.765474
-0.519276 0.000782 -0.781369
-0.514300 -0.191544 -0.770435
-0.504263 -0.377471 -0.755577
-0.394234 -0.452266 -0.596953
-0.293492 -0.485427 -0.446830
-0.210122 -0.514785 -0.312842
-0.136607 -0.539908 -0.189725
-0.066724 -0.547046 -0.071578
-0.000059 0.764173 0.017376
-0.108554 0.742210 -0.090408
-0.216004 0.709666 -0.197306
-0.330987 0.670862 -0.311523
-0.446749 0.615975 -0.431080
-0.514704 0.495135 -0.511598
-0.569417 0.348301 -0.577869
-0.606534 0.178211 -0.618342
-0.642620 -0.002178 -0.646359
-0.661284 -0.192469 -0.657870
-0.588706 -0.347879 -0.595081
-0.475246 -0.431302 -0.484561
-0.360321 -0.471567 -0.365810
-0.261561 -0.508221 -0.256912
-0.169407 -0.531223 -0.152809
-0.083057 -0.542766 -0.053657
-0.128133 0.744813 -0.069053
-0.258420 0.720083 -0.156916
-0.399522 0.688662 -0.251287
-0.510935 0.621366 -0.337815
-0.581995 0.493084 -0.393325
-0.644483 0.343237 -0.441722
-0.696011 0.176488 -0.476398
-0.733285 -0.001553 -0.494017
-0.746610 -0.184007 -0.501311
-0.654417 -0.329270 -0.444030
-0.533113 -0.413349 -0.362687
-0.410709 -0.460815 -0.274724
-0.298980 -0.498673 -0.190355
-0.194503 -0.522769 -0.109734
-0.095762 -0.538895 -0.032655
-0.143559 0.748860 -0.044327
-0.291649 0.731760 -0.108098
-0.448891 0.707796 -0.176970
-0.547938 0.632432 -0.232578
-0.621194 0.485089 -0.267576
-0.706854 0.344717 -0.308146
-0.758279 0.177431 -0.328920
-0.768121 0.004531 -0.330701
-0.786156 -0.170476 -0.328318
-0.697602 -0.314263 -0.290685
-0.570870 -0.394064 -0.234405
-0.444399 -0.446883 -0.175575
-0.325416 -0.487141 -0.118131
-0.212861 -0.515896 -0.062849
-0.105127 -0.536002 -0.009616
-0.154001 0.753776 -0.016606
-0.313687 0.741874 -0.052379
-0.480156 0.725286 -0.093086
-0.566966 0.637696 -0.120663
-0.635265 0.479364 -0.136529
-0.717376 0.340677 -0.160119
-0.763524 0.179736 -0.170013
-0.789240 0.012821 -0.170430
-0.770310 -0.151586 -0.159091
-0.728448 -0.301569 -0.137390
-0.604192 -0.392463 -0.107428
-0.469728 -0.443003 -0.074588
-0.344092 -0.482908 -0.043376
-0.225384 -0.512975 -0.013721
-0.111437 -0.534684 0.014686
-0.158528 0.758732 0.013521
-0.321563 0.748182 0.009080
-0.457861 0.712375 0.001625
-0.554997 0.607233 0.000503
-0.638564 0.480421 -0.003367
-0.713965 0.339969 -0.010471
-0.746873 0.181008 -0.009161
-0.753890 0.018780 -0.004997
-0.737788 -0.137776 0.001389
-0.700808 -0.280053 0.011279
-0.615286 -0.386908 0.021522
-0.486268 -0.448830 0.028232
-0.355285 -0.486888 0.033060
-0.232319 -0.514925 0.036754
-0.114826 -0.535610 0.039708
-0.157548 0.764158 0.044686
-0.313251 0.751412 0.072133
-0.433509 0.694255 0.094763
-0.542059 0.603626 0.117111
-0.635902 0.487441 0.133223
-0.694141 0.340022 0.144922
-0.723738 0.180697 0.154058
-0.730593 0.019533 0.158652
-0.713221 -0.135366 0.158477
-0.669142 -0.275697 0.154604
-0.600432 -0.391133 0.147419
-0.494582 -0.468829 0.132848
-0.358884 -0.500868 0.110619
-0.233041 -0.521469 0.087680
-0.115005 -0.538811 0.064932
-0.151156 0.770607 0.075468
-0.292933 0.755290 0.132304
-0.412482 0.695372 0.184628
-0.530680 0.617455 0.236284
-0.617851 0.496286 0.275320
-0.668706 0.343482 0.303001
-0.699875 0.181034 0.320399
-0.708311 0.016174 0.325861
-0.690253 -0.142472 0.317690
-0.654018 -0.290688 0.300701
-0.599338 -0.418728 0.277093
-0.482203 -0.484273 0.236670
-0.347719 -0.513377 0.185983
-0.224878 -0.529285 0.137275
-0.111002 -0.543137 0.089597
-0.138446 0.777508 0.104092
-0.268713 0.765147 0.189746
-0.387922 0.711929 0.272348
-0.503261 0.632027 0.353558
-0.583496 0.505271 0.415089
-0.626655 0.347088 0.453309
-0.674600 0.183632 0.490212
-0.692010 0.011366 0.502424
-0.659268 -0.152214 0.479934
-0.609108 -0.299130 0.441944
-0.539262 -0.420860 0.392234
-0.437703 -0.488973 0.329579
-0.318441 -0.522455 0.256434
-0.206940 -0.538737 0.184233
-0.102343 -0.548366 0.113077
-0.118519 0.782044 0.128511
-0.235312 0.779242 0.242236
-0.340730 0.726461 0.350999
-0.440126 0.635887 0.454521
-0.506441 0.502826 0.528089
-0.558606 0.348718 0.590166
-0.631091 0.185044 0.657017
-0.700075 0.000908 0.703015
-0.625774 -0.170741 0.650883
-0.564838 -0.324064 0.588431
-0.483925 -0.441652 0.512993
-0.377869 -0.500701 0.417327
-0.276055 -0.534977 0.322597
-0.180560 -0.551657 0.228388
-0.089466 -0.555328 0.135180
-0.092851 0.781292 0.148245
-0.188232 0.792073 0.284846
-0.277265 0.744715 0.420686
-0.345123 0.636898 0.528055
-0.407214 0.507266 0.626756
-0.460445 0.354488 0.712171
-0.544856 0.195079 0.815454
-0.556322 -0.000269 0.832593
-0.545247 -0.195020 0.816020
-0.474961 -0.350544 0.720025
-0.392077 -0.460872 0.612794
-0.303103 -0.518418 0.494889
-0.221564 -0.552818 0.380534
-0.145961 -0.567279 0.268339
-0.072713 -0.564533 0.155485
-0.063413 0.777266 0.163011
-0.128829 0.785353 0.314449
-0.196557 0.765435 0.476406
-0.240410 0.649302 0.594388
-0.290065 0.521740 0.715150
-0.326920 0.363831 0.810377
-0.373894 0.194412 0.903199
-0.382683 0.000000 0.923879
-0.375873 -0.195316 0.906948
-0.333751 -0.362248 0.811041
-0.274564 -0.475700 0.690016
-0.212421 -0.540353 0.557115
-0.156072 -0.579809 0.429447
-0.103818 -0.586681 0.302013
-0.052058 -0.574841 0.172609
-0.032136 0.775486 0.172450
-0.065294 0.782082 0.334035
-0.100421 0.768144 0.508923
-0.124601 0.666457 0.649606
-0.152883 0.539850 0.785843
-0.180240 0.382683 0.906127
-0.191341 0.195090 0.961939
-0.195090 0.000000 0.980785
-0.191341 -0.195090 0.961939
-0.171463 -0.370337 0.870421
-0.140097 -0.485952 0.738172
-0.107846 -0.567662 0.603118
-0.077314 -0.607263 0.468226
-0.054465 -0.609819 0.327905
-0.027359 -0.582756 0.183878
-0.000084 -0.376857 0.902592
-0.000090 -0.503964 0.768613
-0.000060 -0.579422 0.624025
-0.000102 -0.621536 0.339976
-0.000240 -0.586452 0.188012
-0.000916 0.998352 -0.057344
-0.000977 0.999908 0.011719
-0.001770 0.955687 0.294320
-0.005890 0.829035 0.559130
-0.007447 0.569628 0.821833
-0.001495 0.423139 0.906034
0.000000 0.193915 0.980987
0.000000 0.000000 1.000000
-0.000366 -0.268166 0.963347
-0.001038 -0.986084 0.166234
-0.030580 0.998260 -0.049898
0.003815 0.999512 0.030335
0.150426 0.927152 0.343059
0.369152 0.768120 0.523148
0.350414 0.622089 0.700125
0.316843 0.446547 0.836756
0.229499 0.226722 0.946501
0.197119 0.002075 0.980346
0.193030 -0.293252 0.936308
0.223212 -0.608356 0.761589
0.234901 -0.813471 0.531999
0.267434 -0.902737 0.336863
0.246101 -0.963591 0.104312
0.255409 -0.958159 -0.129185
0.158147 -0.963317 -0.216803
-0.099551 0.994659 -0.026643
-0.010590 0.996490 0.082736
0.283944 0.897763 0.336680
0.412000 0.726951 0.549303
0.475784 0.617328 0.626484
0.494430 0.498611 0.711936
0.375958 0.339824 0.862056
0.378796 0.007904 0.925443
0.370525 -0.325114 0.870022
0.364635 -0.643178 0.673299
0.311075 -0.844050 0.436750
0.341350 -0.909146 0.238502
0.352428 -0.935667 0.017121
0.331523 -0.930052 -0.158300
0.243934 -0.943815 -0.222907
-0.103092 0.994201 -0.030335
0.112186 0.990143 0.083499
0.394574 0.877010 0.274117
0.461501 0.703238 0.540757
0.568072 0.591662 0.572008
0.597125 0.555223 0.578906
0.652120 0.378643 0.656758
0.642323 -0.006043 0.766381
0.682882 -0.349071 0.641713
0.574480 -0.659078 0.485336
0.426252 -0.843104 0.327799
0.338633 -0.929594 0.145329
0.324076 -0.945677 -0.024995
0.287271 -0.946654 -0.145817
0.255409 -0.938475 -0.232337
0.019990 0.995178 -0.095706
0.281808 0.958983 -0.030274
0.449782 0.880184 0.151494
0.542009 0.709952 0.449599
0.668111 0.519364 0.532762
0.759911 0.468398 0.450667
0.851222 0.396985 0.343181
0.913480 -0.029908 0.405713
0.877377 -0.383251 0.288583
0.785516 -0.553941 0.275765
0.576739 -0.786950 0.219123
0.354167 -0.930357 0.094638
0.270211 -0.962523 -0.022553
0.239692 -0.960326 -0.142521
0.221870 -0.950896 -0.215735
0.098025 0.984039 -0.148289
0.310282 0.948851 -0.057955
0.485733 0.873653 0.027375
0.649770 0.731895 0.205084
0.807642 0.471572 0.353923
0.882382 0.326395 0.338908
0.948088 0.240669 0.207770
0.995819 -0.032624 0.085147
0.948210 -0.277139 0.155095
0.866817 -0.454787 0.204321
0.650807 -0.726768 0.219611
0.366314 -0.922910 0.118412
0.228339 -0.972991 -0.033204
0.200140 -0.969878 -0.138646
0.183935 -0.966399 -0.179479
0.110996 0.976592 -0.184088
0.294290 0.955687 -0.006897
0.512742 0.858180 0.023591
0.683767 0.729209 0.025605
0.867855 0.478896 0.131993
0.943083 0.266945 0.198218
0.976287 0.144902 0.160741
0.990722 -0.032716 0.131687
0.965880 -0.206488 0.156163
0.915036 -0.370739 0.158788
0.736900 -0.668233 0.102023
0.393048 -0.919492 0.001953
0.210761 -0.973205 -0.091800
0.179235 -0.974731 -0.133244
0.164434 -0.974425 -0.152989
0.085086 0.982391 -0.166295
0.272011 0.962249 0.009156
0.523240 0.836299 0.163732
0.691824 0.720115 0.052889
0.869655 0.492080 0.038820
0.949004 0.292795 0.116764
0.982452 0.121158 0.141697
0.989837 -0.026765 0.139470
0.968230 -0.200323 0.149571
0.900479 -0.418073 0.119572
0.731773 -0.680502 -0.037080
0.443556 -0.884884 -0.142064
0.222419 -0.962096 -0.157720
0.184057 -0.973998 -0.131901
0.157506 -0.978393 -0.133763
0.051485 0.986297 -0.156621
0.204505 0.978118 -0.037935
0.479904 0.842555 0.244453
0.779748 0.608997 0.145238
0.863216 0.504776 -0.004852
0.935087 0.348308 0.065432
0.985168 0.132756 0.108432
0.986847 -0.008271 0.161321
0.968871 -0.169805 0.179998
0.864315 -0.470473 0.177740
0.637501 -0.770074 0.022553
0.382427 -0.914792 -0.129795
0.242958 -0.960997 -0.132054
0.196020 -0.975799 -0.096713
0.157079 -0.983428 -0.090335
0.031281 0.983612 -0.177404
0.094546 0.986511 -0.133488
0.456526 0.889004 -0.035218
0.811365 0.584490 0.002319
0.873592 0.485611 -0.030854
0.919584 0.392621 -0.013703
0.977660 0.206214 0.040407
0.998871 0.007904 0.046449
0.977142 -0.190588 0.094058
0.827204 -0.560259 0.042390
0.508042 -0.861049 -0.020997
0.332896 -0.941008 -0.060579
0.262490 -0.963439 -0.053316
0.208655 -0.977386 -0.034272
0.166631 -0.985656 -0.026429
0.033113 0.981079 -0.190710
0.034944 0.973846 -0.224403
0.286752 0.906186 -0.310770
0.692831 0.678884 -0.242958
0.840907 0.517197 -0.159093
0.882351 0.416791 -0.218421
0.950591 0.205298 -0.232765
0.982910 0.073916 -0.168584
0.971038 -0.232765 -0.053652
0.723167 -0.686819 -0.072634
0.455306 -0.888974 -0.048555
0.343425 -0.938871 -0.023499
0.286966 -0.957884 0.008057
0.228309 -0.973296 0.023286
0.183203 -0.982727 0.026002
0.050691 0.980468 -0.189917
0.023438 0.964721 -0.262123
0.160222 0.921018 -0.354991
0.561602 0.750572 -0.348094
0.770379 0.532456 -0.350627
0.814722 0.408612 -0.411359
0.867641 0.267067 -0.419294
0.916410 0.152928 -0.369823
0.910794 -0.251106 -0.327616
0.671590 -0.724082 -0.156957
0.440443 -0.896573 -0.046113
0.337260 -0.941130 -0.022645
0.289499 -0.957060 0.014161
0.237556 -0.970000 0.051454
0.195563 -0.979186 0.054079
0.070315 0.978820 -0.192145
0.031068 0.959288 -0.280648
0.067049 0.936460 -0.344218
0.357097 0.802667 -0.477676
0.650288 0.602161 -0.463118
0.787591 0.418073 -0.452620
0.805506 0.251137 -0.536668
0.781732 0.150609 -0.605121
0.747215 -0.217627 -0.627918
0.660573 -0.685141 -0.306894
0.403638 -0.910703 -0.087436
0.290353 -0.955260 -0.055940
0.254585 -0.965667 -0.051332
0.231239 -0.972045 0.040407
0.197028 -0.978423 0.061800
0.048158 0.975738 -0.213446
0.063295 0.956389 -0.285043
0.045381 0.935209 -0.351146
0.153752 0.867519 -0.472976
0.440016 0.737175 -0.512742
0.658101 0.472396 -0.586261
0.742637 0.180151 -0.644978
0.663228 0.040132 -0.747337
0.624989 -0.115757 -0.771966
0.669698 -0.533891 -0.516160
0.375896 -0.924497 -0.063173
0.255562 -0.965514 -0.049471
0.219886 -0.972076 -0.081729
0.198950 -0.979949 -0.007416
0.181860 -0.981842 0.053713
0.001434 -0.995880 -0.090426
0.013550 0.974792 -0.222602
0.094943 0.955870 -0.277993
0.111057 0.934141 -0.339152
0.176550 0.901242 -0.395642
0.366497 0.812311 -0.453627
0.493942 0.541581 -0.680197
0.524369 0.162023 -0.835902
0.520188 -0.064333 -0.851588
0.470016 -0.102359 -0.876675
0.379620 -0.506516 -0.774132
0.285867 -0.933409 -0.216773
0.233650 -0.972259 -0.007324
0.178564 -0.980773 -0.078585
0.141453 -0.988586 -0.051363
0.148961 -0.988250 0.034089
0.012940 0.977050 -0.212561
0.071932 0.959929 -0.270791
0.124271 0.944975 -0.302530
0.221320 0.932646 -0.284890
0.317545 0.813257 -0.487594
0.291696 0.457625 -0.839900
0.240272 0.181799 -0.953490
0.297220 -0.037416 -0.954039
0.295022 -0.178289 -0.938688
0.234443 -0.498917 -0.834315
0.238441 -0.920774 -0.308695
0.157048 -0.987426 -0.017670
0.113346 -0.991699 -0.060579
0.075533 -0.994781 -0.068453
0.091861 -0.995697 0.010315
0.003906 0.977660 -0.210089
0.002319 0.963317 -0.268319
0.001617 0.958373 -0.285409
0.000153 0.964080 -0.265481
0.000183 0.794855 -0.606739
0.000031 0.434706 -0.900540
0.000000 0.174230 -0.984680
0.000488 -0.018708 -0.999817
0.008423 -0.173467 -0.984771
0.007782 -0.477493 -0.878567
0.000000 -0.919309 -0.393475
0.000458 -0.999695 -0.024201
0.001038 -0.998810 -0.048494
0.000122 -0.997528 -0.070070
0.002258 -0.999969 -0.002045
-0.007019 0.977081 -0.212622
-0.069002 0.960021 -0.271218
-0.121738 0.945067 -0.303262
-0.219275 0.932737 -0.286142
-0.315928 0.813501 -0.488235
-0.289193 0.457686 -0.840754
-0.239631 0.181219 -0.953764
-0.297037 -0.035340 -0.954192
-0.301248 -0.171606 -0.937956
-0.241157 -0.506363 -0.827876
-0.237770 -0.920743 -0.309275
-0.155370 -0.987671 -0.018860
-0.110904 -0.991943 -0.060793
-0.073336 -0.994934 -0.068636
-0.087130 -0.996124 0.009369
-0.012299 0.975005 -0.221778
-0.094180 0.955901 -0.278146
-0.111026 0.934294 -0.338725
-0.173650 0.901303 -0.396802
-0.363475 0.813257 -0.454360
-0.489395 0.541368 -0.683645
-0.520066 0.160009 -0.838984
-0.518876 -0.064272 -0.852412
-0.470351 -0.102298 -0.876522
-0.376995 -0.506974 -0.775109
-0.282205 -0.933683 -0.220344
-0.229682 -0.973205 -0.009247
-0.174627 -0.981414 -0.079318
-0.136326 -0.989227 -0.053011
-0.144536 -0.988922 0.033387
-0.048372 0.976012 -0.212195
-0.063173 0.956420 -0.285073
-0.045137 0.935667 -0.349925
-0.149236 0.868557 -0.472518
-0.432752 0.738487 -0.517045
-0.655477 0.473220 -0.588519
-0.742424 0.175665 -0.646474
-0.662191 0.036683 -0.748405
-0.624348 -0.113407 -0.772851
-0.666555 -0.532884 -0.521226
-0.371990 -0.925718 -0.068117
-0.251106 -0.966643 -0.049867
-0.216285 -0.972839 -0.082156
-0.194220 -0.980895 -0.009369
-0.177618 -0.982635 0.053499
0.000855 0.988861 -0.148808
-0.069643 0.979034 -0.191290
-0.031831 0.959319 -0.280404
-0.067171 0.937101 -0.342479
-0.351909 0.808405 -0.471786
-0.644307 0.604572 -0.468337
-0.787133 0.412702 -0.458296
-0.807886 0.246193 -0.535386
-0.781396 0.150029 -0.605701
-0.745293 -0.214362 -0.631306
-0.662099 -0.681295 -0.312113
-0.402020 -0.911283 -0.088778
-0.286630 -0.956420 -0.055055
-0.251930 -0.966308 -0.052278
-0.227699 -0.972930 0.039277
-0.193304 -0.979156 0.062227
-0.050691 0.980773 -0.188360
-0.024689 0.964904 -0.261422
-0.160985 0.921323 -0.353862
-0.558672 0.755577 -0.341990
-0.769890 0.536760 -0.345073
-0.819758 0.400678 -0.409162
-0.870418 0.259560 -0.418287
-0.917814 0.154607 -0.365612
-0.912656 -0.246590 -0.325938
-0.675314 -0.720573 -0.157140
-0.439985 -0.896878 -0.044527
-0.335093 -0.941954 -0.020295
-0.288186 -0.957457 0.014313
-0.235786 -0.970336 0.053316
-0.192938 -0.979614 0.055574
-0.033387 0.981414 -0.188879
-0.035768 0.973998 -0.223579
-0.286111 0.906278 -0.311106
-0.690085 0.682669 -0.240242
-0.841792 0.517441 -0.153539
-0.886776 0.411542 -0.210273
-0.952178 0.199713 -0.231147
-0.983276 0.074129 -0.166265
-0.972198 -0.228187 -0.052431
-0.727134 -0.682852 -0.070132
-0.455702 -0.889035 -0.043641
-0.342967 -0.939085 -0.020753
-0.287088 -0.957823 0.011322
-0.227546 -0.973418 0.025269
-0.180975 -0.983062 0.027924
-0.031190 0.983795 -0.176397
-0.092685 0.986602 -0.134220
-0.452406 0.890774 -0.042573
-0.808344 0.588641 -0.005127
-0.875729 0.481826 -0.029725
-0.921354 0.388531 -0.009217
-0.978240 0.203162 0.041444
-0.998810 0.007996 0.047578
-0.977355 -0.187658 0.097598
-0.828974 -0.557451 0.044984
-0.508408 -0.860775 -0.023377
-0.330760 -0.941801 -0.059725
-0.262337 -0.963591 -0.051119
-0.207862 -0.977599 -0.032716
-0.164342 -0.986084 -0.024628
-0.050935 0.986267 -0.156926
-0.198065 0.979339 -0.040620
-0.477004 0.846980 0.234565
-0.780816 0.608783 0.140202
-0.867336 0.497696 -0.000793
-0.936857 0.343608 0.064638
-0.985168 0.132237 0.109317
-0.986755 -0.010529 0.161748
-0.969512 -0.165654 0.180456
-0.869045 -0.462081 0.176550
-0.637837 -0.769738 0.024354
-0.378399 -0.916929 -0.126591
-0.242531 -0.961241 -0.131077
-0.195441 -0.975951 -0.096316
-0.154820 -0.983673 -0.091708
-0.073672 0.981017 -0.179296
-0.270821 0.962615 0.000336
-0.516587 0.841273 0.159185
-0.696616 0.715323 0.055025
-0.872555 0.486618 0.042604
-0.949644 0.290597 0.117038
-0.982665 0.119236 0.141789
-0.989837 -0.028687 0.139256
-0.968780 -0.197668 0.149541
-0.901761 -0.413800 0.124638
-0.731223 -0.681356 -0.032197
-0.442122 -0.885800 -0.140904
-0.222724 -0.962096 -0.157201
-0.183630 -0.974059 -0.132023
-0.155126 -0.978454 -0.135990
-0.092898 0.979522 -0.178472
-0.291116 0.956664 -0.003235
-0.506241 0.861934 0.027253
-0.687338 0.725639 0.031434
-0.870388 0.473861 0.133610
-0.943999 0.266152 0.194891
-0.977447 0.143132 0.155248
-0.990844 -0.035646 0.130039
-0.965606 -0.205939 0.158696
-0.915036 -0.367473 0.166143
-0.735893 -0.668050 0.110019
-0.391705 -0.920072 0.005280
-0.209876 -0.973693 -0.088443
-0.177343 -0.975738 -0.128361
-0.160772 -0.975494 -0.149998
-0.095828 0.984313 -0.147984
-0.302286 0.951598 -0.055269
-0.475845 0.878536 0.040956
-0.649342 0.732078 0.205847
-0.809870 0.470077 0.350871
-0.883480 0.329478 0.332926
-0.949278 0.235084 0.208777
-0.995544 -0.039216 0.085574
-0.946623 -0.282296 0.155370
-0.864467 -0.456038 0.211432
-0.649434 -0.724662 0.230323
-0.367351 -0.921751 0.123936
-0.226814 -0.973479 -0.029695
-0.198248 -0.970885 -0.134312
-0.178899 -0.968627 -0.172338
-0.020081 0.995086 -0.096896
-0.280068 0.959563 -0.028016
-0.442030 0.883938 0.152348
-0.537034 0.711661 0.452864
-0.665334 0.519272 0.536332
-0.757897 0.467940 0.454543
-0.851253 0.391949 0.348857
-0.913358 -0.031648 0.405896
-0.875759 -0.388745 0.286172
-0.783990 -0.556200 0.275613
-0.579089 -0.784082 0.223212
-0.356426 -0.929075 0.098788
-0.270363 -0.962493 -0.021271
-0.239265 -0.960418 -0.142430
-0.216376 -0.953551 -0.209418
0.103824 0.994079 -0.031648
-0.113193 0.990020 0.083621
-0.394208 0.877743 0.272256
-0.449355 0.703330 0.550768
-0.560778 0.595141 0.575579
-0.593646 0.556017 0.581713
-0.653188 0.375561 0.657460
-0.642933 -0.006561 0.765862
-0.683340 -0.353954 0.638539
-0.576037 -0.660726 0.481185
-0.429243 -0.841060 0.329142
-0.341288 -0.928190 0.148167
-0.323862 -0.945769 -0.024201
-0.284616 -0.947752 -0.143864
-0.253578 -0.939390 -0.230628
0.104495 0.994171 -0.025391
0.014557 0.996429 0.083102
-0.283517 0.896237 0.341075
-0.406629 0.725822 0.554796
-0.468123 0.620899 0.628712
-0.488845 0.502365 0.713187
-0.375134 0.338908 0.862758
-0.378796 0.007904 0.925443
-0.370983 -0.327952 0.868770
-0.366924 -0.645802 0.669515
-0.307382 -0.844630 0.438276
-0.342845 -0.907254 0.243538
-0.351115 -0.936186 0.015717
-0.324992 -0.932890 -0.155034
-0.240242 -0.945158 -0.221198
0.032838 0.998230 -0.049043
-0.001831 0.999512 0.030335
-0.147862 0.925565 0.348430
-0.372326 0.765160 0.525224
-0.352275 0.623341 0.698080
-0.316385 0.451674 0.834162
-0.229560 0.226753 0.946501
-0.197119 0.002075 0.980346
-0.193091 -0.294809 0.935820
-0.232276 -0.606464 0.760399
-0.246895 -0.818812 0.518174
-0.270608 -0.899441 0.343120
-0.247566 -0.963622 0.100589
-0.259133 -0.956755 -0.132023
-0.161931 -0.963164 -0.214545
0.004151 -0.569903 0.821680
0.000488 -0.815332 0.578967
-0.003998 -0.925291 0.379223
-0.006409 -0.995453 -0.094821
-0.007965 -0.975890 -0.217994
2880
5
15
14
480
23
22
5
6
16
481
24
23
6
7
17
0
10
296
205
24
481
7
8
18
0
1
11
8
477
19
1
2
12
477
478
20
2
3
13
479
21
20
3
4
14
9
22
21
20
21
36
13
14
29
22
37
36
14
15
30
23
38
37
16
31
30
24
39
38
17
32
31
10
25
296
205
39
24
18
33
32
11
26
25
18
19
34
11
12
27
19
20
35
12
13
28
205
54
39
32
33
48
26
41
40
33
34
49
26
27
42
34
35
50
28
43
42
35
36
51
28
29
44
37
52
51
29
30
45
38
53
52
31
46
45
39
54
53
32
47
46
25
40
296
52
67
66
44
45
60
53
68
67
45
46
61
54
69
68
47
62
61
40
55
296
205
69
54
47
48
63
41
56
55
49
64
63
41
42
57
50
65
64
42
43
58
51
66
65
43
44
59
55
56
71
64
79
78
56
57
72
65
80
79
57
58
73
66
81
80
58
59
74
67
82
81
59
60
75
68
83
82
60
61
76
69
84
83
61
62
77
55
70
296
205
84
69
63
78
77
74
75
90
83
98
97
75
76
91
84
99
98
76
77
92
70
85
296
205
99
84
78
93
92
70
71
86
79
94
93
71
72
87
80
95
94
72
73
88
80
81
96
73
74
89
82
97
96
93
94
109
86
87
102
94
95
110
87
88
103
96
111
110
88
89
104
97
112
111
89
90
105
98
113
112
90
91
106
99
114
113
91
92
107
85
100
296
205
114
99
92
93
108
86
101
100
113
128
127
105
106
121
114
129
128
106
107
122
100
115
296
205
129
114
107
108
123
101
116
115
108
109
124
102
117
116
109
110
125
102
103
118
110
111
126
104
119
118
112
127
126
105
120
119
117
132
131
124
125
140
118
133
132
125
126
141
118
119
134
126
127
142
120
135
134
127
128
143
121
136
135
128
129
144
122
137
136
115
130
296
205
144
129
122
123
138
115
116
131
123
124
139
136
151
150
143
144
159
137
152
151
130
145
296
205
159
144
138
153
152
130
131
146
138
139
154
131
132
147
139
140
155
133
148
147
140
141
156
134
149
148
141
142
157
135
150
149
142
143
158
154
155
170
148
163
162
155
156
171
149
164
163
156
157
172
150
165
164
157
158
173
151
166
165
158
159
174
152
167
166
145
160
296
205
174
159
153
168
167
145
146
161
153
154
169
146
147
162
173
174
189
166
167
182
160
175
296
205
189
174
168
183
182
160
161
176
168
169
184
161
162
177
169
170
185
163
178
177
170
171
186
164
179
178
171
172
187
165
180
179
172
173
188
166
181
180
185
186
201
179
194
193
186
187
202
180
195
194
187
188
203
181
196
195
188
189
204
181
182
197
175
190
296
205
204
189
182
183
198
175
176
191
184
199
198
176
177
192
184
185
200
177
178
193
190
206
296
205
220
204
197
198
214
190
191
207
199
215
214
191
192
208
199
200
216
192
193
209
200
201
217
194
210
209
201
202
218
195
211
210
202
203
219
196
212
211
203
204
220
196
197
213
210
225
224
217
218
233
211
226
225
218
219
234
211
212
227
219
220
235
213
228
227
206
221
296
205
235
220
213
214
229
206
207
222
214
215
230
208
223
222
216
231
230
209
224
223
216
217
232
229
244
243
221
222
237
229
230
245
223
238
237
230
231
246
224
239
238
231
232
247
225
240
239
232
233
248
225
226
241
233
234
249
226
227
242
234
235
250
227
228
243
221
236
296
205
250
235
248
263
262
241
256
255
249
264
263
242
257
256
250
265
264
243
258
257
236
251
296
205
265
250
243
244
259
237
252
251
244
245
260
237
238
253
246
261
260
238
239
254
247
262
261
239
240
255
252
267
266
260
275
274
252
253
268
260
261
276
253
254
269
262
277
276
254
255
270
263
278
277
255
256
271
264
279
278
257
272
271
265
280
279
257
258
273
251
266
296
205
280
265
259
274
273
270
271
286
279
294
293
271
272
287
280
295
294
273
288
287
266
281
296
205
295
280
274
289
288
267
282
281
274
275
290
268
283
282
276
291
290
269
284
283
277
292
291
269
270
285
278
293
292
289
290
306
283
299
298
291
307
306
284
300
299
292
308
307
284
285
301
293
309
308
285
286
302
294
310
309
286
287
303
295
311
310
288
304
303
281
297
296
205
311
295
289
305
304
282
298
297
310
325
324
302
303
318
311
326
325
304
319
318
297
312
296
205
326
311
304
305
320
298
313
312
306
321
320
299
314
313
307
322
321
299
300
315
308
323
322
300
301
316
309
324
323
301
302
317
322
337
336
314
315
330
323
338
337
315
316
331
324
339
338
316
317
332
325
340
339
317
318
333
326
341
340
318
319
334
312
327
296
205
341
326
319
320
335
313
328
327
321
336
335
314
329
328
341
356
355
333
334
349
327
342
296
205
356
341
334
335
350
328
343
342
336
351
350
329
344
343
337
352
351
329
330
345
338
353
352
330
331
346
339
354
353
331
332
347
340
355
354
332
333
348
344
345
360
353
368
367
346
361
360
354
369
368
346
347
362
355
370
369
347
348
363
356
371
370
348
349
364
342
357
296
205
371
356
350
365
364
343
358
357
351
366
365
343
344
359
352
367
366
364
379
378
357
372
296
205
386
371
365
380
379
357
358
373
366
381
380
358
359
374
367
382
381
360
375
374
368
383
382
360
361
376
368
369
384
361
362
377
369
370
385
363
378
377
370
371
386
382
383
398
376
391
390
383
384
399
377
392
391
384
385
400
378
393
392
385
386
401
379
394
393
372
387
296
205
401
386
380
395
394
373
388
387
381
396
395
374
389
388
382
397
396
375
390
389
387
402
296
205
416
401
394
395
410
388
403
402
395
396
411
389
404
403
396
397
412
390
405
404
398
413
412
391
406
405
398
399
414
392
407
406
399
400
415
393
408
407
400
401
416
394
409
408
406
421
420
413
414
429
407
422
421
414
415
430
408
423
422
415
416
431
409
424
423
402
417
296
205
431
416
409
410
425
403
418
417
410
411
426
404
419
418
411
412
427
405
420
419
412
413
428
425
440
439
417
418
433
425
426
441
419
434
433
426
427
442
420
435
434
427
428
443
421
436
435
428
429
444
422
437
436
429
430
445
423
438
437
430
431
446
423
424
439
417
432
296
205
446
431
443
444
459
437
452
451
444
445
460
437
438
453
445
446
461
438
439
454
432
447
296
205
461
446
440
455
454
432
433
448
441
456
455
434
449
448
442
457
456
434
435
450
443
458
457
436
451
450
456
471
470
449
464
463
457
472
471
450
465
464
458
473
472
451
466
465
458
459
474
452
467
466
459
460
475
452
453
468
460
461
476
453
454
469
447
462
296
205
476
461
454
455
470
447
448
463
474
475
480
468
6
5
475
476
481
469
7
6
462
0
296
205
481
476
469
470
8
463
1
0
471
477
8
464
2
1
471
472
478
465
3
2
472
473
479
466
4
3
473
474
9
466
467
5
5
14
4
480
22
9
5
16
15
481
23
480
6
17
16
7
18
17
0
11
10
8
19
18
1
12
11
477
20
19
2
13
12
479
20
478
3
14
13
9
21
479
20
36
35
13
29
28
22
36
21
14
30
29
23
37
22
16
30
15
24
38
23
17
31
16
18
32
17
11
25
10
18
34
33
11
27
26
19
35
34
12
28
27
32
48
47
26
40
25
33
49
48
26
42
41
34
50
49
28
42
27
35
51
50
28
44
43
37
51
36
29
45
44
38
52
37
31
45
30
39
53
38
32
46
31
52
66
51
44
60
59
53
67
52
45
61
60
54
68
53
47
61
46
47
63
62
41
55
40
49
63
48
41
57
56
50
64
49
42
58
57
51
65
50
43
59
58
55
71
70
64
78
63
56
72
71
65
79
64
57
73
72
66
80
65
58
74
73
67
81
66
59
75
74
68
82
67
60
76
75
69
83
68
61
77
76
63
77
62
74
90
89
83
97
82
75
91
90
84
98
83
76
92
91
78
92
77
70
86
85
79
93
78
71
87
86
80
94
79
72
88
87
80
96
95
73
89
88
82
96
81
93
109
108
86
102
101
94
110
109
87
103
102
96
110
95
88
104
103
97
111
96
89
105
104
98
112
97
90
106
105
99
113
98
91
107
106
92
108
107
86
100
85
113
127
112
105
121
120
114
128
113
106
122
121
107
123
122
101
115
100
108
124
123
102
116
101
109
125
124
102
118
117
110
126
125
104
118
103
112
126
111
105
119
104
117
131
116
124
140
139
118
132
117
125
141
140
118
134
133
126
142
141
120
134
119
127
143
142
121
135
120
128
144
143
122
136
121
122
138
137
115
131
130
123
139
138
136
150
135
143
159
158
137
151
136
138
152
137
130
146
145
138
154
153
131
147
146
139
155
154
133
147
132
140
156
155
134
148
133
141
157
156
135
149
134
142
158
157
154
170
169
148
162
147
155
171
170
149
163
148
156
172
171
150
164
149
157
173
172
151
165
150
158
174
173
152
166
151
153
167
152
145
161
160
153
169
168
146
162
161
173
189
188
166
182
181
168
182
167
160
176
175
168
184
183
161
177
176
169
185
184
163
177
162
170
186
185
164
178
163
171
187
186
165
179
164
172
188
187
166
180
165
185
201
200
179
193
178
186
202
201
180
194
179
187
203
202
181
195
180
188
204
203
181
197
196
182
198
197
175
191
190
184
198
183
176
192
191
184
200
199
177
193
192
197
214
213
190
207
206
199
214
198
191
208
207
199
216
215
192
209
208
200
217
216
194
209
193
201
218
217
195
210
194
202
219
218
196
211
195
203
220
219
196
213
212
210
224
209
217
233
232
211
225
210
218
234
233
211
227
226
219
235
234
213
227
212
213
229
228
206
222
221
214
230
229
208
222
207
216
230
215
209
223
208
216
232
231
229
243
228
221
237
236
229
245
244
223
237
222
230
246
245
224
238
223
231
247
246
225
239
224
232
248
247
225
241
240
233
249
248
226
242
241
234
250
249
227
243
242
248
262
247
241
255
240
249
263
248
242
256
241
250
264
249
243
257
242
243
259
258
237
251
236
244
260
259
237
253
252
246
260
245
238
254
253
247
261
246
239
255
254
252
266
251
260
274
259
252
268
267
260
276
275
253
269
268
262
276
261
254
270
269
263
277
262
255
271
270
264
278
263
257
271
256
265
279
264
257
273
272
259
273
258
270
286
285
279
293
278
271
287
286
280
294
279
273
287
272
274
288
273
267
281
266
274
290
289
268
282
267
276
290
275
269
283
268
277
291
276
269
285
284
278
292
277
289
306
305
283
298
282
291
306
290
284
299
283
292
307
291
284
301
300
293
308
292
285
302
301
294
309
293
286
303
302
295
310
294
288
303
287
289
304
288
282
297
281
310
324
309
302
318
317
311
325
310
304
318
303
304
320
319
298
312
297
306
320
305
299
313
298
307
321
306
299
315
314
308
322
307
300
316
315
309
323
308
301
317
316
322
336
321
314
330
329
323
337
322
315
331
330
324
338
323
316
332
331
325
339
324
317
333
332
326
340
325
318
334
333
319
335
334
313
327
312
321
335
320
314
328
313
341
355
340
333
349
348
334
350
349
328
342
327
336
350
335
329
343
328
337
351
336
329
345
344
338
352
337
330
346
345
339
353
338
331
347
346
340
354
339
332
348
347
344
360
359
353
367
352
346
360
345
354
368
353
346
362
361
355
369
354
347
363
362
356
370
355
348
364
363
350
364
349
343
357
342
351
365
350
343
359
358
352
366
351
364
378
363
365
379
364
357
373
372
366
380
365
358
374
373
367
381
366
360
374
359
368
382
367
360
376
375
368
384
383
361
377
376
369
385
384
363
377
362
370
386
385
382
398
397
376
390
375
383
399
398
377
391
376
384
400
399
378
392
377
385
401
400
379
393
378
380
394
379
373
387
372
381
395
380
374
388
373
382
396
381
375
389
374
394
410
409
388
402
387
395
411
410
389
403
388
396
412
411
390
404
389
398
412
397
391
405
390
398
414
413
392
406
391
399
415
414
393
407
392
400
416
415
394
408
393
406
420
405
413
429
428
407
421
406
414
430
429
408
422
407
415
431
430
409
423
408
409
425
424
403
417
402
410
426
425
404
418
403
411
427
426
405
419
404
412
428
427
425
439
424
417
433
432
425
441
440
419
433
418
426
442
441
420
434
419
427
443
442
421
435
420
428
444
443
422
436
421
429
445
444
423
437
422
430
446
445
423
439
438
443
459
458
437
451
436
444
460
459
437
453
452
445
461
460
438
454
453
440
454
439
432
448
447
441
455
440
434
448
433
442
456
441
434
450
449
443
457
442
436
450
435
456
470
455
449
463
448
457
471
456
450
464
449
458
472
457
451
465
450
458
474
473
452
466
451
459
475
474
452
468
467
460
476
475
453
469
468
454
470
469
447
463
462
474
480
9
468
5
467
475
481
480
469
6
468
469
8
7
463
0
462
471
8
470
464
1
463
471
478
477
465
2
464
472
479
478
466
3
465
473
9
479
466
5
4
0.750000 0.937500
0.750000 0.875000
0.750000 0.812500
0.750000 0.750000
0.750000 0.687500
0.750000 0.625000
0.750000 0.562500
0.750000 0.500000
0.750000 0.437500
0.750000 0.187500
0.718750 0.937500
0.718750 0.875000
0.718750 0.812500
0.718750 0.750000
0.718750 0.687500
0.718750 0.625000
0.718750 0.562500
0.718750 0.500000
0.718750 0.437500
0.718750 0.375000
0.718750 0.312500
0.718750 0.250000
0.718750 0.187500
0.718750 0.125000
0.718750 0.062500
0.687500 0.937500
0.687500 0.875000
0.687500 0.812500
0.687500 0.750000
0.687500 0.687500
0.687500 0.625000
0.687500 0.562500
0.687500 0.500000
0.687500 0.437500
0.687500 0.375000
0.687500 0.312500
0.687500 0.250000
0.687500 0.187500
0.687500 0.125000
0.687500 0.062500
0.656250 0.937500
0.656250 0.875000
0.656250 0.812500
0.656250 0.750000
0.656250 0.687500
0.656250 0.625000
0.656250 0.562500
0.656250 0.500000
0.656250 0.437500
0.656250 0.375000
0.656250 0.312500
0.656250 0.250000
0.656250 0.187500
0.656250 0.125000
0.656250 0.062500
0.625000 0.937500
0.625000 0.875000
0.625000 0.812500
0.625000 0.750000
0.625000 0.687500
0.625000 0.625000
0.625000 0.562500
0.625000 0.500000
0.625000 0.437500
0.625000 0.375000
0.625000 0.312500
0.625000 0.250000
0.625000 0.187500
0.625000 0.125000
0.625000 0.062500
0.593750 0.937500
0.593750 0.875000
0.593750 0.812500
0.593750 0.750000
0.593750 0.687500
0.593750 0.625000
0.593750 0.562500
0.593750 0.500000
0.593750 0.437500
0.593750 0.375000
0.593750 0.312500
0.593750 0.250000
0.593750 0.187500
0.593750 0.125000
0.593750 0.062500
0.562500 0.937500
0.562500 0.875000
0.562500 0.812500
0.562500 0.750000
0.562500 0.687500
0.562500 0.625000
0.562500 0.562500
0.562500 0.500000
0.562500 0.437500
0.562500 0.375000
0.562500 0.312500
0.562500 0.250000
0.562500 0.187500
0.562500 0.125000
0.562500 0.062500
0.531250 0.937500
0.531250 0.875000
0.531250 0.812500
0.531250 0.750000
0.531250 0.687500
0.531250 0.625000
0.531250 0.562500
0.531250 0.500000
0.531250 0.437500
0.531250 0.375000
0.531250 0.312500
0.531250 0.250000
0.531250 0.187500
0.531250 0.125000
0.531250 0.062500
0.500000 0.937500
0.500000 0.875000
0.500000 0.812500
0.500000 0.750000
0.500000 0.687500
0.500000 0.625000
0.500000 0.562500
0.500000 0.500000
0.500000 0.437500
0.500000 0.375000
0.500000 0.312500
0.500000 0.250000
0.500000 0.187500
0.500000 0.125000
0.500000 0.062500
0.468750 0.937500
0.468750 0.875000
0.468750 0.812500
0.468750 0.750000
0.468750 0.687500
0.468750 0.625000
0.468750 0.562500
0.468750 0.500000
0.468750 0.437500
0.468750 0.375000
0.468750 0.312500
0.468750 0.250000
0.468750 0.187500
0.468750 0.125000
0.468750 0.062500
0.437500 0.937500
0.437500 0.875000
0.437500 0.812500
0.437500 0.750000
0.437500 0.687500
0.437500 0.625000
0.437500 0.562500
0.437500 0.500000
0.437500 0.437500
0.437500 0.375000
0.437500 0.312500
0.437500 0.250000
0.437500 0.187500
0.437500 0.125000
0.437500 0.062500
0.406250 0.937500
0.406250 0.875000
0.406250 0.812500
0.406250 0.750000
0.406250 0.687500
0.406250 0.625000
0.406250 0.562500
0.406250 0.500000
0.406250 0.437500
0.406250 0.375000
0.406250 0.312500
0.406250 0.250000
0.406250 0.187500
0.406250 0.125000
0.406250 0.062500
0.375000 0.937500
0.375000 0.875000
0.375000 0.812500
0.375000 0.750000
0.375000 0.687500
0.375000 0.625000
0.375000 0.562500
0.375000 0.500000
0.375000 0.437500
0.375000 0.375000
0.375000 0.312500
0.375000 0.250000
0.375000 0.187500
0.375000 0.125000
0.375000 0.062500
0.343750 0.937500
0.343750 0.875000
0.343750 0.812500
0.343750 0.750000
0.343750 0.687500
0.343750 0.625000
0.343750 0.562500
0.343750 0.500000
0.343750 0.437500
0.343750 0.375000
0.343750 0.312500
0.343750 0.250000
0.343750 0.187500
0.343750 0.125000
0.343750 0.062500
0.765625 0.000000
0.312500 0.937500
0.312500 0.875000
0.312500 0.812500
0.312500 0.750000
0.312500 0.687500
0.312500 0.625000
0.312500 0.562500
0.312500 0.500000
0.312500 0.437500
0.312500 0.375000
0.312500 0.312500
0.312500 0.250000
0.312500 0.187500
0.312500 0.125000
0.312500 0.062500
0.281250 0.937500
0.281250 0.875000
0.281250 0.812500
0.281250 0.750000
0.281250 0.687500
0.281250 0.625000
0.281250 0.562500
0.281250 0.500000
0.281250 0.437500
0.281250 0.375000
0.281250 0.312500
0.281250 0.250000
0.281250 0.187500
0.281250 0.125000
0.281250 0.062500
0.250000 0.937500
0.250000 0.875000
0.250000 0.812500
0.250000 0.750000
0.250000 0.687500
0.250000 0.625000
0.250000 0.562500
0.250000 0.500000
0.250000 0.437500
0.250000 0.375000
0.250000 0.312500
0.250000 0.250000
0.250000 0.187500
0.250000 0.125000
0.250000 0.062500
0.218750 0.937500
0.218750 0.875000
0.218750 0.812500
0.218750 0.750000
0.218750 0.687500
0.218750 0.625000
0.218750 0.562500
0.218750 0.500000
0.218750 0.437500
0.218750 0.375000
0.218750 0.312500
0.218750 0.250000
0.218750 0.187500
0.218750 0.125000
0.218750 0.062500
0.187500 0.937500
0.187500 0.875000
0.187500 0.812500
0.187500 0.750000
0.187500 0.687500
0.187500 0.625000
0.187500 0.562500
0.187500 0.500000
0.187500 0.437500
0.187500 0.375000
0.187500 0.312500
0.187500 0.250000
0.187500 0.187500
0.187500 0.125000
0.187500 0.062500
0.156250 0.937500
0.156250 0.875000
0.156250 0.812500
0.156250 0.750000
0.156250 0.687500
0.156250 0.625000
0.156250 0.562500
0.156250 0.500000
0.156250 0.437500
0.156250 0.375000
0.156250 0.312500
0.156250 0.250000
0.156250 0.187500
0.156250 0.125000
0.156250 0.062500
0.765625 1.000000
0.125000 0.937500
0.125000 0.875000
0.125000 0.812500
0.125000 0.750000
0.125000 0.687500
0.125000 0.625000
0.125000 0.562500
0.125000 0.500000
0.125000 0.437500
0.125000 0.375000
0.125000 0.312500
0.125000 0.250000
0.125000 0.187500
0.125000 0.125000
0.125000 0.062500
0.093750 0.937500
0.093750 0.875000
0.093750 0.812500
0.093750 0.750000
0.093750 0.687500
0.093750 0.625000
0.093750 0.562500
0.093750 0.500000
0.093750 0.437500
0.093750 0.375000
0.093750 0.312500
0.093750 0.250000
0.093750 0.187500
0.093750 0.125000
0.093750 0.062500
0.062500 0.937500
0.062500 0.875000
0.062500 0.812500
0.062500 0.750000
0.062500 0.687500
0.062500 0.625000
0.062500 0.562500
0.062500 0.500000
0.062500 0.437500
0.062500 0.375000
0.062500 0.312500
0.062500 0.250000
0.062500 0.187500
0.062500 0.125000
0.062500 0.062500
0.031250 0.937500
0.031250 0.875000
0.031250 0.812500
0.031250 0.750000
0.031250 0.687500
0.031250 0.625000
0.031250 0.562500
0.031250 0.500000
0.031250 0.437500
0.031250 0.375000
0.031250 0.312500
0.031250 0.250000
0.031250 0.187500
0.031250 0.125000
0.031250 0.062500
1.000000 0.937500
1.000000 0.875000
1.000000 0.812500
1.000000 0.750000
1.000000 0.687500
1.000000 0.625000
1.000000 0.562500
1.000000 0.500000
1.000000 0.437500
1.000000 0.375000
1.000000 0.312500
1.000000 0.250000
1.000000 0.187500
1.000000 0.125000
1.000000 0.062500
0.968750 0.937500
0.968750 0.875000
0.968750 0.812500
0.968750 0.750000
0.968750 0.687500
0.968750 0.625000
0.968750 0.562500
0.968750 0.500000
0.968750 0.437500
0.968750 0.375000
0.968750 0.312500
0.968750 0.250000
0.968750 0.187500
0.968750 0.125000
0.968750 0.062500
0.937500 0.937500
0.937500 0.875000
0.937500 0.812500
0.937500 0.750000
0.937500 0.687500
0.937500 0.625000
0.937500 0.562500
0.937500 0.500000
0.937500 0.437500
0.937500 0.375000
0.937500 0.312500
0.937500 0.250000
0.937500 0.187500
0.937500 0.125000
0.937500 0.062500
0.906250 0.937500
0.906250 0.875000
0.906250 0.812500
0.906250 0.750000
0.906250 0.687500
0.906250 0.625000
0.906250 0.562500
0.906250 0.500000
0.906250 0.437500
0.906250 0.375000
0.906250 0.312500
0.906250 0.250000
0.906250 0.187500
0.906250 0.125000
0.906250 0.062500
0.875000 0.937500
0.875000 0.875000
0.875000 0.812500
0.875000 0.750000
0.875000 0.687500
0.875000 0.625000
0.875000 0.562500
0.875000 0.500000
0.875000 0.437500
0.875000 0.375000
0.875000 0.312500
0.875000 0.250000
0.875000 0.187500
0.875000 0.125000
0.875000 0.062500
0.843750 0.937500
0.843750 0.875000
0.843750 0.812500
0.843750 0.750000
0.843750 0.687500
0.843750 0.625000
0.843750 0.562500
0.843750 0.500000
0.843750 0.437500
0.843750 0.375000
0.843750 0.312500
0.843750 0.250000
0.843750 0.187500
0.843750 0.125000
0.843750 0.062500
0.812500 0.937500
0.812500 0.875000
0.812500 0.812500
0.812500 0.750000
0.812500 0.687500
0.812500 0.625000
0.812500 0.562500
0.812500 0.500000
0.812500 0.437500
0.812500 0.375000
0.812500 0.312500
0.812500 0.250000
0.812500 0.187500
0.812500 0.125000
0.812500 0.062500
0.781250 0.937500
0.781250 0.875000
0.781250 0.812500
0.781250 0.750000
0.781250 0.687500
0.781250 0.625000
0.781250 0.562500
0.781250 0.500000
0.781250 0.437500
0.781250 0.375000
0.781250 0.312500
0.781250 0.250000
0.781250 0.187500
0.781250 0.125000
0.781250 0.062500
0.750000 0.375000
0.750000 0.312500
0.750000 0.250000
0.750000 0.125000
0.750000 0.062500
